0.01 -10.0
0.0125 -10.0
0.015 -10.0
0.0175 -10.0
0.02 -10.0
0.0225 -10.0
0.025 -10.0
0.027500000000000004 -10.0
0.03 -10.0
0.0325 -10.0
0.035 -10.0
0.0375 -10.0
0.04 -10.0
0.0425 -10.0
0.045000000000000005 -10.0
0.0475 -10.0
0.05 -10.0
0.052500000000000005 -10.0
0.055 -10.0
0.0575 -10.0
0.060000000000000005 -10.0
0.0625 -10.0
0.065 -10.0
0.0675 -10.0
0.06999999999999999 -10.0
0.0725 -10.0
0.075 -10.0
0.0775 -10.0
0.08 -10.0
0.08249999999999999 -10.0
0.08499999999999999 -10.0
0.0875 -10.0
0.09 -10.0
0.0925 -10.0
0.095 -10.0
0.09749999999999999 -10.0
0.09999999999999999 -10.0
0.1025 -10.0
0.105 -10.0
0.1075 -10.0
0.11 -10.0
0.11249999999999999 -10.0
0.11499999999999999 -10.0
0.1175 -10.0
0.12 -10.0
0.1225 -10.0
0.125 -10.0
0.1275 -10.0
0.13 -10.0
0.1325 -10.0
0.135 -10.0
0.1375 -10.0
0.14 -10.0
0.14250000000000002 -10.0
0.14500000000000002 -10.0
0.14750000000000002 -10.0
0.15000000000000002 -10.0
0.1525 -10.0
0.155 -10.0
0.1575 -10.0
0.16 -10.0
0.1625 -9.998800119988001
0.165 -10.0
0.1675 -10.0
0.17 -9.997600239976002
0.17250000000000001 -10.0
0.17500000000000002 -10.0
0.17750000000000002 -10.0
0.18000000000000002 -10.0
0.1825 -10.0
0.185 -10.0
0.1875 -10.0
0.19 -10.0
0.1925 -9.995200479952004
0.195 -9.997800219978002
0.1975 -10.0
0.2 -9.998600139986001
0.2025 -10.0
0.20500000000000002 -9.98060193980602
0.20750000000000002 -9.995000499950004
0.21000000000000002 -10.0
0.21250000000000002 -9.998200179982002
0.215 -10.0
0.2175 -10.0
0.22 -9.997200279972002
0.2225 -10.0
0.225 -9.999400059994
0.2275 -9.994000599940007
0.23 -10.0
0.2325 -9.997200279972002
0.23500000000000001 -10.0
0.23750000000000002 -9.99080091990801
0.24000000000000002 -9.995000499950004
0.24250000000000002 -9.996600339966003
0.245 -9.996000399960003
0.2475 -9.997800219978002
0.25 -9.995000499950004
0.2525 -9.996600339966003
0.255 -9.99900009999
0.2575 -9.997200279972002
0.26 -9.978002199780022
0.2625 -9.98940105989401
0.265 -9.999600039996
0.2675 -9.988001199880012
0.27 -9.986201379862013
0.2725 -9.987801219878012
0.275 -9.99060093990601
0.2775 -9.983001699830018
0.28 -9.97960203979602
0.28250000000000003 -9.995600439956004
0.28500000000000003 -9.989001099890011
0.28750000000000003 -9.997600239976002
0.29000000000000004 -9.98980101989801
0.2925 -9.982601739826018
0.295 -9.983201679832018
0.2975 -9.97060293970603
0.3 -9.987801219878012
0.3025 -9.978002199780022
0.305 -9.977602239776022
0.3075 -9.986201379862013
0.31 -9.968603139686032
0.3125 -9.984001599840015
0.315 -9.966803319668033
0.3175 -9.963803619638036
0.32 -9.967203279672033
0.3225 -9.95080491950805
0.325 -9.967403259674033
0.3275 -9.957804219578042
0.33 -9.967603239676032
0.3325 -9.938206179382062
0.335 -9.936406359364064
0.3375 -9.952004799520047
0.34 -9.95080491950805
0.3425 -9.957804219578042
0.34500000000000003 -9.955804419558044
0.34750000000000003 -9.924607539246075
0.35000000000000003 -9.918208179182082
0.35250000000000004 -9.941205879412058
0.355 -9.923607639236076
0.3575 -9.916408359164084
0.36 -9.916408359164084
0.3625 -9.931406859314068
0.365 -9.922207779222077
0.3675 -9.927407259274073
0.37 -9.924407559244075
0.3725 -9.88861113888611
0.375 -9.88921107889211
0.3775 -9.904009599040096
0.38 -9.916408359164084
0.3825 -9.903409659034097
0.385 -9.88941105889411
0.3875 -9.884211578842116
0.39 -9.845615438456154
0.3925 -9.855214478552146
0.395 -9.834416558344165
0.3975 -9.891410858914108
0.4 -9.854014598540147
0.4025 -9.808619138086192
0.405 -9.871612838716128
0.40750000000000003 -9.864013598640136
0.41000000000000003 -9.826817318268173
0.41250000000000003 -9.834216578342167
0.41500000000000004 -9.807019298070193
0.4175 -9.826017398260174
0.42 -9.877012298770122
0.4225 -9.863613638636137
0.425 -9.82981701829817
0.4275 -9.847815218478152
0.43 -9.86881311868813
0.4325 -9.809219078092191
0.435 -9.799020097990201
0.4375 -9.761823817618238
0.44 -9.779622037796221
0.4425 -9.748625137486252
0.445 -9.803419658034196
0.4475 -9.758224177582242
0.45 -9.756824317568244
0.4525 -9.768223177682232
0.455 -9.815618438156184
0.4575 -9.724227577242276
0.46 -9.694230576942306
0.4625 -9.734826517348266
0.465 -9.653034696530346
0.4675 -9.735026497350265
0.47000000000000003 -9.727027297270274
0.47250000000000003 -9.682231776822318
0.47500000000000003 -9.735626437356265
0.47750000000000004 -9.743225677432257
0.48 -9.746825317468254
0.4825 -9.674032596740325
0.485 -9.682031796820318
0.4875 -9.685631436856314
0.49 -9.653234676532346
0.4925 -9.622437756224377
0.495 -9.65103489651035
0.4975 -9.64123587641236
0.5 -9.655034496550345
0.5025 -9.636636336366363
0.505 -9.600439956004399
0.5075 -9.5998400159984
0.51 -9.575242475752425
0.5125 -9.65023497650235
0.515 -9.639436056394361
0.5175 -9.577842215778421
0.52 -9.494450554944505
0.5225 -9.53044695530447
0.525 -9.456054394560544
0.5275 -9.602439756024397
0.53 -9.428057194280571
0.5325 -9.527247275272472
0.535 -9.603039696030397
0.5375 -9.544445555444456
0.54 -9.547645235476452
0.5425 -9.531446855314469
0.545 -9.513648635136486
0.5475 -9.488451154884512
0.55 -9.477852214778522
0.5525 -9.477652234776523
0.555 -9.41005899410059
0.5575 -9.443255674432557
0.56 -9.417458254174582
0.5625 -9.448855114488552
0.5650000000000001 -9.477252274772523
0.5675 -9.368063193680632
0.5700000000000001 -9.347465253474653
0.5725 -9.432456754324567
0.575 -9.426857314268574
0.5775 -9.451654834516548
0.58 -9.403859614038597
0.5825 -9.352864713528648
0.585 -9.421857814218578
0.5875 -9.309069093090692
0.59 -9.308469153084692
0.5925 -9.302069793020697
0.595 -9.3000699930007
0.5975 -9.362863713628638
0.6 -9.346665333466653
0.6025 -9.141685831416858
0.605 -9.311668833116688
0.6075 -9.27947205279472
0.61 -9.27907209279072
0.6125 -9.175482451754824
0.615 -9.261673832616738
0.6175 -9.334266573342665
0.62 -9.326267373262674
0.6225 -9.18068193180682
0.625 -9.222077792220778
0.6275000000000001 -9.232876712328768
0.63 -9.287071292870714
0.6325000000000001 -9.168483151684832
0.635 -9.215678432156784
0.6375 -9.24887511248875
0.64 -9.175482451754824
0.6425 -9.135886411358864
0.645 -9.093890610938907
0.6475 -9.194280571942805
0.65 -9.157084291570843
0.6525 -9.106289371062894
0.655 -9.133286671332867
0.6575 -9.10928907109289
0.66 -9.117888211178881
0.6625 -9.032096790320967
0.665 -8.996500349965004
0.6675 -9.083091690830917
0.67 -9.019698030196981
0.6725 -8.973302669733027
0.675 -9.102889711028897
0.6775 -9.004899510048995
0.68 -8.934906509349066
0.6825 -8.971702829717028
0.685 -9.084291570842916
0.6875 -9.043695630436956
0.6900000000000001 -8.98970102989701
0.6925 -8.960903909609039
0.6950000000000001 -8.874912508749125
0.6975 -9.035096490350965
0.7 -8.845515448455155
0.7025 -8.914708529147084
0.705 -8.991500849915008
0.7075 -8.970702929707029
0.71 -8.871712828717127
0.7125 -8.813118688131187
0.715 -8.76072392760724
0.7175 -8.81991800819918
0.72 -8.80911908809119
0.7225 -8.805919408059195
0.725 -8.801319868013199
0.7275 -8.815118488151185
0.73 -8.765523447655234
0.7325 -8.696330366963304
0.735 -8.771122887711229
0.7375 -8.796520347965204
0.74 -8.81971802819718
0.7425 -8.652134786521348
0.745 -8.754124587541245
0.7475 -8.751724827517249
0.75 -8.752524747525248
0.7525000000000001 -8.678732126787322
0.755 -8.762323767623238
0.7575000000000001 -8.757524247575242
0.76 -8.512948705129487
0.7625 -8.611738826117389
0.765 -8.63913608639136
0.7675 -8.567943205679432
0.77 -8.605739426057394
0.7725 -8.62973702629737
0.775 -8.520347965203479
0.7775 -8.581941805819419
0.78 -8.486751324867512
0.7825 -8.603139686031398
0.785 -8.492750724927507
0.7875 -8.520547945205479
0.79 -8.48875112488751
0.7925 -8.475952404759523
0.795 -8.51914808519148
0.7975 -8.565543445655434
0.8 -8.553144685531446
0.8025 -8.447355264473552
0.805 -8.427357264273573
0.8075 -8.399560043995601
0.81 -8.362963703629637
0.8125 -8.44915508449155
0.8150000000000001 -8.537346265373463
0.8175 -8.311768823117688
0.8200000000000001 -8.3005699430057
0.8225 -8.256574342565743
0.825 -8.403359664033596
0.8275 -8.26997300269973
0.83 -8.277172282771723
0.8325 -8.407759224077592
0.835 -8.26977302269773
0.8375 -8.343565643435657
0.84 -8.382561743825617
0.8425 -8.216378362163784
0.845 -8.16978302169783
0.8475 -8.322967703229677
0.85 -8.255974402559744
0.8525 -8.31036896310369
0.855 -8.254374562543745
0.8575 -8.346565343465654
0.86 -8.061793820617938
0.8625 -8.229577042295771
0.865 -8.077192280771923
0.8675 -8.34896510348965
0.87 -8.195380461953805
0.8725 -8.14058594140586
0.875 -8.264773522647735
0.8775000000000001 -8.190780921907809
0.88 -8.201179882011798
0.8825000000000001 -8.045195480451955
0.885 -8.077192280771923
0.8875 -8.184981501849816
0.89 -8.19038096190381
0.8925 -8.032796720327967
0.895 -8.012998700129987
0.8975 -8.144385561443855
0.9 -8.104589541045895
0.9025 -7.924807519248075
0.905 -7.9846015398460155
0.9075 -7.9392060793920605
0.91 -7.855014498550145
0.9125 -8.078592140785922
0.915 -8.073792620737926
0.9175 -8.041795820417958
0.92 -7.945805419458054
0.9225 -7.843015698430157
0.925 -7.847815218478152
0.9275 -8.086791320867913
0.93 -7.9748025197480255
0.9325 -7.914808519148085
0.935 -7.898210178982102
0.9375 -7.866013398660134
0.9400000000000001 -7.867013298670133
0.9425 -7.844615538446155
0.9450000000000001 -7.913808619138086
0.9475 -7.75962403759624
0.95 -7.665833416658334
0.9525 -7.7668233176682335
0.955 -7.943205679432057
0.9575 -7.811418858114188
0.96 -7.854614538546145
0.9625 -7.777622237776223
0.965 -7.742625737426257
0.9675 -7.777822217778223
0.97 -7.810218978102189
0.9725 -7.743225677432257
0.975 -7.61943805619438
0.9775 -7.642035796420358
0.98 -7.579642035796421
0.9825 -7.62963703629637
0.985 -7.700829917008299
0.9875 -7.64983501649835
0.99 -7.656634336566343
0.9925 -7.641635836416358
0.995 -7.6278372162783725
0.9975 -7.597640235976402
1.0 -7.577842215778422
1.0025 -7.783821617838216
1.005 -7.587041295870413
1.0075 -7.594240575942406
1.01 -7.625637436256374
1.0125 -7.480851914808519
1.015 -7.51024897510249
1.0175 -7.632236776322368
1.02 -7.451454854514549
1.0225 -7.538846115388461
1.025 -7.487451254874513
1.0275 -7.563043695630437
1.03 -7.483651634836517
1.0325 -7.475052494750525
1.035 -7.532046795320468
1.0375 -7.4212578742125785
1.04 -7.588241175882412
1.0425 -7.519248075192481
1.045 -7.353064693530647
1.0475 -7.37026297370263
1.05 -7.4520547945205475
1.0525 -7.267273272672733
1.055 -7.44005599440056
1.0575 -7.405459454054594
1.06 -7.4040595940405955
1.0625 -7.2404759524047595
1.065 -7.311268873112689
1.0675000000000001 -7.216878312168783
1.07 -7.333466653334667
1.0725 -7.161283871612839
1.075 -7.254874512548745
1.0775 -7.231676832316769
1.08 -7.109489051094891
1.0825 -7.364463553644636
1.085 -7.32026797320268
1.0875 -7.261673832616738
1.09 -7.283071692830717
1.0925 -7.153284671532846
1.095 -7.1296870312968705
1.0975 -7.354264573542646
1.1 -7.308469153084691
1.1025 -7.09029097090291
1.105 -7.294270572942706
1.1075 -7.118088191180882
1.11 -7.17928207179282
1.1125 -7.167083291670833
1.115 -7.225077492250775
1.1175 -7.093090690930907
1.12 -7.1162883711628835
1.1225 -7.186681331866813
1.125 -7.121487851214878
1.1275 -7.034296570342966
1.1300000000000001 -7.081091890810919
1.1325 -6.925707429257074
1.135 -7.020497950204979
1.1375 -6.972702729727027
1.14 -7.061293870612939
1.1425 -7.243475652434756
1.145 -7.123287671232877
1.1475 -6.805919408059194
1.15 -6.917508249175082
1.1525 -7.046495350464953
1.155 -6.9921007899210075
1.1575 -6.997100289971003
1.16 -6.923707629237076
1.1625 -6.8887111288871115
1.165 -6.952704729527047
1.1675 -6.861913808619138
1.17 -6.951104889511049
1.1725 -7.0804919508049196
1.175 -7.014498550144985
1.1775 -6.815318468153185
1.18 -7.139286071392861
1.1825 -6.8691130886911305
1.185 -6.83051694830517
1.1875 -6.804119588041196
1.19 -6.755124487551245
1.1925000000000001 -6.7743225677432255
1.195 -7.017298270172983
1.1975 -6.972902709729027
1.2 -6.716328367163284
1.2025 -6.830916908309169
1.205 -6.733926607339266
1.2075 -6.878912108789121
1.21 -6.814318568143186
1.2125 -6.788321167883212
1.215 -6.819518048195181
1.2175 -6.856114388561144
1.22 -6.737926207379262
1.2225 -6.705529447055294
1.225 -6.565543445655434
1.2275 -6.781121887811219
1.23 -6.738326167383262
1.2325 -6.654534546545346
1.235 -6.605939406059394
1.2375 -6.725527447255274
1.24 -6.672332766723327
1.2425 -6.674932506749325
1.245 -6.686531346865314
1.2475 -6.751524847515248
1.25 -6.460953904609539
1.2525 -6.503349665033497
1.2550000000000001 -6.591340865913408
1.2575 -6.528747125287471
1.26 -6.3721627837216275
1.2625 -6.7995200479952
1.265 -6.653934606539346
1.2675 -6.6007399260074
1.27 -6.71932806719328
1.2725 -6.547145285471453
1.275 -6.4373562643735625
1.2775 -6.521547845215478
1.28 -6.4975502449755025
1.2825 -6.5885411458854115
1.285 -6.518348165183482
1.2875 -6.544545545445455
1.29 -6.692330766923308
1.2925 -6.3893610638936105
1.295 -6.50994900509949
1.2975 -6.468153184681531
1.3 -6.55974402559744
1.3025 -6.475152484751525
1.305 -6.426957304269573
1.3075 -6.4003599640035995
1.31 -6.4323567643235675
1.3125 -6.489151084891511
1.315 -6.493350664933507
1.3175000000000001 -6.466553344665534
1.32 -6.45015498450155
1.3225 -6.301569843015699
1.325 -6.266173382661734
1.3275 -6.445755424457555
1.33 -6.59034096590341
1.3325 -6.452954704529547
1.335 -6.336966303369663
1.3375 -6.315568443155684
1.34 -6.451754824517549
1.3425 -6.499150084991501
1.345 -6.256774322567743
1.3475 -6.37056294370563
1.35 -6.303769623037696
1.3525 -6.334166583341666
1.355 -6.252174782521748
1.3575 -6.291570842915708
1.36 -6.3695630436956305
1.3625 -6.425557444255574
1.365 -6.205979402059794
1.3675 -6.190580941905809
1.37 -6.118588141185882
1.3725 -6.178182181781822
1.375 -6.207779222077792
1.3775 -6.261973802619738
1.3800000000000001 -6.155784421557844
1.3825 -6.223777622237776
1.385 -6.252574742525748
1.3875 -6.191180881911809
1.39 -6.0115988401159886
1.3925 -6.285371462853715
1.395 -6.087191280871913
1.3975 -6.18998100189981
1.4 -6.222177782221777
1.4025 -5.8628137186281375
1.405 -6.101189881011899
1.4075 -6.10978902109789
1.41 -6.1087891210878915
1.4125 -6.087791220877913
1.415 -6.218978102189781
1.4175 -6.149185081491851
1.42 -6.157184281571843
1.4225 -6.096390360963904
1.425 -5.918008199180082
1.4275 -6.133386661333867
1.43 -6.006799320067993
1.4325 -5.894010598940106
1.435 -6.001399860013999
1.4375 -6.124387561243876
1.44 -6.041395860413958
1.4425000000000001 -5.917408259174082
1.445 -5.913608639136086
1.4475 -5.896010398960104
1.45 -5.956204379562044
1.4525 -5.754224577542246
1.455 -5.757024297570243
1.4575 -5.945405459454054
1.46 -6.052794720527947
1.4625 -5.934806519348065
1.465 -6.140985901409859
1.4675 -5.744825517448255
1.47 -5.902409759024097
1.4725 -5.864013598640136
1.475 -5.948805119488052
1.4775 -5.652634736526347
1.48 -5.817818218178182
1.4825 -6.0263973602639735
1.485 -5.810218978102189
1.4875 -5.838216178382162
1.49 -5.9552044795520445
1.4925 -5.7988201179882015
1.495 -5.714228577142285
1.4975 -5.6734326567343265
1.5 -5.901209879012098
1.5025 -5.646235376462354
1.5050000000000001 -5.850614938506149
1.5075 -5.84981501849815
1.51 -5.825417458254175
1.5125 -5.794820517948205
1.515 -5.694430556944305
1.5175 -5.712228777122288
1.52 -5.678832116788321
1.5225 -5.842415758424157
1.525 -5.69023097690231
1.5275 -5.938806119388061
1.53 -5.770822917708229
1.5325 -5.708229177082292
1.535 -5.63023697630237
1.5375 -5.6094390560943905
1.54 -5.703629637036296
1.5425 -5.888811118888111
1.545 -5.711628837116288
1.5475 -5.858614138586141
1.55 -5.69023097690231
1.5525 -5.83001699830017
1.555 -5.7484251574842515
1.5575 -5.6156384361563845
1.56 -5.570242975702429
1.5625 -5.630836916308369
1.565 -5.693630636936306
1.5675000000000001 -5.812818718128187
1.57 -5.5762423757624235
1.5725 -5.800619938006199
1.575 -5.501449855014498
1.5775 -5.431056894310569
1.58 -5.620637936206379
1.5825 -5.588641135886411
1.585 -5.585841415858414
1.5875 -5.67063293670633
1.59 -5.4692530746925305
1.5925 -5.526647335266474
1.595 -5.502249775022498
1.5975 -5.534046595340466
1.6 -5.537246275372463
1.6025 -5.328467153284672
1.605 -5.588841115888411
1.6075 -5.6230376962303765
1.61 -5.491050894910509
1.6125 -5.526647335266474
1.615 -5.593840615938406
1.6175 -5.334866513348665
1.62 -5.436456354364563
1.6225 -5.523847615238476
1.625 -5.4544545545445455
1.6275 -5.394660533946605
1.6300000000000001 -5.466853314668533
1.6325 -5.531246875312469
1.635 -5.61983801619838
1.6375 -5.412258774122588
1.64 -5.547045295470453
1.6425 -5.340665933406659
1.645 -5.330466953304669
1.6475 -5.465653434656534
1.65 -5.535446455354465
1.6525 -5.318668133186681
1.655 -5.625237476252375
1.6575 -5.4742525747425255
1.66 -5.521247875212479
1.6625 -5.503849615038496
1.665 -5.241075892410759
1.6675 -5.429257074292571
1.67 -5.316868313168683
1.6725 -5.211078892110789
1.675 -5.358464153584642
1.6775 -5.562243775622438
1.68 -5.4422557744225575
1.6825 -5.186081391860814
1.685 -5.245675432456754
1.6875 -5.46945305469453
1.69 -5.3130686931306865
1.6925000000000001 -5.401059894010599
1.695 -5.45965403459654
1.6975 -5.38026197380262
1.7 -5.197880211978802
1.7025 -5.230876912308769
1.705 -5.306069393060694
1.7075 -5.229077092290771
1.71 -5.292670732926707
1.7125 -5.155484451554845
1.715 -5.211878812118788
1.7175 -5.2564743525647435
1.72 -5.252874712528747
1.7225 -5.243075692430757
1.725 -5.248075192480752
1.7275 -5.05009499050095
1.73 -5.35986401359864
1.7325 -5.326067393260674
1.735 -5.21027897210279
1.7375 -5.100889911008899
1.74 -5.345665433456654
1.7425 -5.1358864113588645
1.745 -5.024497550244975
1.7475 -5.196080391960804
1.75 -5.175682431756824
1.7525 -5.2084791520847915
1.7550000000000001 -5.2366763323667636
1.7575 -5.272872712728727
1.76 -5.2712728727127285
1.7625 -5.297270272972702
1.765 -5.172082791720828
1.7675 -5.154284571542846
1.77 -5.114488551144886
1.7725 -5.242275772422758
1.775 -5.206679332066793
1.7775 -4.9625037496250375
1.78 -5.040695930406959
1.7825 -5.257474252574743
1.785 -5.097090290970903
1.7875 -5.095690430956904
1.79 -5.120487951204879
1.7925 -5.23987601239876
1.795 -5.051694830516948
1.7975 -4.883311668833117
1.8 -5.076492350764924
1.8025 -4.870712928707129
1.805 -5.065493450654935
1.8075 -5.1284871512848715
1.81 -4.9933006699330065
1.8125 -5.138686131386861
1.815 -4.9649035096490355
1.8175000000000001 -5.011898810118988
1.82 -5.207479252074792
1.8225 -4.995500449955005
1.825 -5.126487351264873
1.8275 -5.1038896110388965
1.83 -4.999100089991001
1.8325 -5.041895810418958
1.835 -4.95010498950105
1.8375 -5.137886211378862
1.84 -4.878712128787122
1.8425 -4.943705629437057
1.845 -5.025697430256974
1.8475 -5.086291370862914
1.85 -4.961103889611039
1.8525 -4.884711528847116
1.855 -4.884311568843116
1.8575 -4.725527447255274
1.86 -5.0510948905109485
1.8625 -5.107489251074893
1.865 -4.915908409159084
1.8675 -4.940905909409059
1.87 -4.903909609039096
1.8725 -4.98070192980702
1.875 -4.777522247775223
1.8775 -4.828917108289171
1.8800000000000001 -4.7717228277172286
1.8825 -5.01929807019298
1.885 -4.850914908509149
1.8875 -4.902509749025097
1.89 -4.976302369763023
1.8925 -4.885311468853114
1.895 -4.730726927307269
1.8975 -4.648935106489351
1.9 -4.828917108289171
1.9025 -4.836316368363164
1.905 -4.958904109589041
1.9075 -4.810318968103189
1.91 -4.926907309269073
1.9125 -4.704729527047295
1.915 -4.847315268473153
1.9175 -4.748325167483252
1.92 -4.8345165483451655
1.9225 -4.649335066493351
1.925 -4.7029297070292975
1.9275 -4.817518248175182
1.93 -4.762723727627237
1.9325 -4.77932206779322
1.935 -4.736526347365263
1.9375 -4.7717228277172286
1.94 -4.814918508149185
1.9425000000000001 -4.833916608339166
1.945 -4.828317168283172
1.9475 -4.782121787821218
1.95 -4.674732526747325
1.9525 -4.567743225677432
1.955 -4.555944405559444
1.9575 -4.604339566043396
1.96 -4.6821317868213175
1.9625 -4.780921907809219
1.965 -4.651934806519348
1.9675 -4.665733426657335
1.97 -4.6475352464753525
1.9725 -4.598540145985401
1.975 -4.758924107589241
1.9775 -4.643735626437357
1.98 -4.66013398660134
1.9825 -4.783721627837216
1.985 -4.572742725727427
1.9875 -4.893310668933107
1.99 -4.565143485651435
1.9925 -4.592740725927407
1.995 -4.748125187481252
1.9975 -4.703529647035296
2.0 -4.741325867413258
2.0025 -4.751324867513249
2.005 -4.519548045195481
2.0075 -4.725727427257274
2.01 -4.654334566543346
2.0124999999999997 -4.426557344265573
2.0149999999999997 -4.5591440855914405
2.0174999999999996 -4.622537746225378
2.0199999999999996 -4.623937606239376
2.0225 -4.464753524647535
2.025 -4.406759324067593
2.0275 -4.437156284371563
2.03 -4.543945605439456
2.0324999999999998 -4.570742925707429
2.0349999999999997 -4.676532346765323
2.0374999999999996 -4.396360363963604
2.0399999999999996 -4.583141685831417
2.0425 -4.5271472852714725
2.045 -4.516348365163483
2.0475 -4.562343765623438
2.05 -4.667733226677332
2.0524999999999998 -4.611738826117389
2.0549999999999997 -4.475752424757524
2.0574999999999997 -4.342365763423658
2.0599999999999996 -4.546345365463454
2.0625 -4.344365563443656
2.065 -4.56014398560144
2.0675 -4.651734826517348
2.07 -4.643135686431357
2.0725 -4.397960203979602
2.0749999999999997 -4.515148485151485
2.0774999999999997 -4.44995500449955
2.0799999999999996 -4.307569243075692
2.0824999999999996 -4.40995900409959
2.085 -4.517148285171483
2.0875 -4.429357064293571
2.09 -4.374362563743626
2.0925 -4.396760323967603
2.0949999999999998 -4.286971302869713
2.0974999999999997 -4.45015498450155
2.0999999999999996 -4.464753524647535
2.1024999999999996 -4.4001599840016
2.105 -4.396760323967603
2.1075 -4.397160283971603
2.11 -4.208979102089791
2.1125 -4.395560443955604
2.1149999999999998 -4.362763723627637
2.1174999999999997 -4.51974802519748
2.1199999999999997 -4.38956104389561
2.1224999999999996 -4.3093690630936905
2.125 -4.3597640235976405
2.1275 -4.38056194380562
2.13 -4.452354764523547
2.1325 -4.316968303169683
2.135 -4.311568843115689
2.1374999999999997 -4.3893610638936105
2.1399999999999997 -4.368763123687631
2.1424999999999996 -4.44075592440756
2.1449999999999996 -4.462953704629537
2.1475 -4.433356664333567
2.15 -4.398760123987601
2.1525 -4.366163383661634
2.155 -4.07059294070593
2.1574999999999998 -4.3067693230676936
2.1599999999999997 -4.43035696430357
2.1624999999999996 -4.498950104989501
2.1649999999999996 -4.337766223377662
2.1675 -4.255574442555744
2.17 -4.126387361263873
2.1725 -4.313168683131686
2.175 -4.280971902809719
2.1774999999999998 -4.405759424057594
2.1799999999999997 -4.3401659834016595
2.1824999999999997 -4.3917608239176085
2.1849999999999996 -4.25937406259374
2.1875 -4.354364563543646
2.19 -4.238976102389761
2.1925 -4.152184781521848
2.195 -4.254374562543745
2.1975 -4.21977802219778
2.1999999999999997 -4.1087891210878915
2.2024999999999997 -4.147385261473852
2.2049999999999996 -4.322167783221678
2.2074999999999996 -4.0583941605839415
2.21 -4.143785621437856
2.2125 -4.0607939206079395
2.215 -4.222777722227777
2.2175 -4.257774222577742
2.2199999999999998 -4.302569743025697
2.2224999999999997 -4.061193880611939
2.2249999999999996 -4.293770622937706
2.2274999999999996 -4.011198880111989
2.23 -4.132586741325867
2.2325 -3.949205079492051
2.235 -4.133786621337866
2.2375 -4.061793820617938
2.2399999999999998 -4.400759924007599
2.2424999999999997 -4.274972502749725
2.2449999999999997 -4.207779222077792
2.2474999999999996 -4.067393260673932
2.25 -4.098190180981902
2.2525 -4.156384361563844
2.255 -4.218178182181782
2.2575 -4.1433856614338564
2.26 -4.011398860113989
2.2624999999999997 -4.226977302269773
2.2649999999999997 -4.014798520147985
2.2674999999999996 -4.22017798220178
2.2699999999999996 -4.040395960403959
2.2725 -3.9996000399960003
2.275 -4.063793620637936
2.2775 -4.154184581541846
2.28 -3.9948005199480052
2.2824999999999998 -4.073392660733926
2.2849999999999997 -4.055994400559944
2.2874999999999996 -4.040195980401959
2.2899999999999996 -4.1961803819618035
2.2925 -4.152184781521848
2.295 -4.113188681131887
2.2975 -3.9936006399360062
2.3 -4.143185681431857
2.3024999999999998 -4.136586341365863
2.3049999999999997 -3.8794120587941205
2.3074999999999997 -4.084991500849915
2.3099999999999996 -3.8522147785221477
2.3125 -4.193780621937806
2.315 -3.966003399660034
2.3175 -4.118388161183882
2.32 -4.0997900209979
2.3225 -3.8042195780421957
2.3249999999999997 -4.148585141485851
2.3274999999999997 -3.936206379362064
2.3299999999999996 -4.207579242075792
2.3324999999999996 -4.052394760523947
2.335 -4.05019498050195
2.3375 -3.994000599940006
2.34 -4.206379362063793
2.3425 -4.005199480051995
2.3449999999999998 -3.9912008799120087
2.3474999999999997 -4.075392460753925
2.3499999999999996 -4.038196180381962
2.3524999999999996 -4.071992800719928
2.355 -3.9654034596540346
2.3575 -3.9062093790620938
2.36 -3.979002099790021
2.3625 -3.8766123387661233
2.3649999999999998 -3.982201779822018
2.3674999999999997 -3.9974002599740026
2.3699999999999997 -3.918608139186081
2.3724999999999996 -4.028597140285972
2.375 -3.9628037196280372
2.3775 -3.8224177582241774
2.38 -4.075792420757924
2.3825 -3.88021197880212
2.385 -3.7434256574342566
2.3874999999999997 -4.039196080391961
2.3899999999999997 -3.9136086391360863
2.3924999999999996 -3.966603339666033
2.3949999999999996 -3.995000499950005
2.3975 -3.984201579842016
2.4 -3.8762123787621237
2.4025 -3.813018698130187
2.405 -3.839016098390161
2.4074999999999998 -3.878012198780122
2.4099999999999997 -3.936206379362064
2.4124999999999996 -3.795020497950205
2.4149999999999996 -3.9826017398260176
2.4175 -3.944005599440056
2.42 -3.9212078792120786
2.4225 -3.8748125187481253
2.425 -3.7454254574542545
2.4274999999999998 -4.05039496050395
2.4299999999999997 -4.0645935406459355
2.4324999999999997 -3.7388261173882613
2.4349999999999996 -3.86001399860014
2.4375 -3.9448055194480554
2.44 -3.8226177382261772
2.4425 -3.8444155584441555
2.445 -4.067393260673932
2.4475 -3.869013098690131
2.4499999999999997 -3.940805919408059
2.4524999999999997 -3.811818818118188
2.4549999999999996 -3.92000799920008
2.4574999999999996 -4.003599640035996
2.46 -3.7294270572942705
2.4625 -3.9702029797020297
2.465 -3.8236176382361764
2.4675 -4.024197580241975
2.4699999999999998 -3.91980801919808
2.4724999999999997 -3.8062193780621936
2.4749999999999996 -3.8674132586741328
2.4774999999999996 -3.9286071392860715
2.48 -4.028997100289971
2.4825 -3.792220777922208
2.485 -3.6892310768923107
2.4875 -4.0141985801419855
2.4899999999999998 -3.6914308569143084
2.4924999999999997 -4.057594240575942
2.4949999999999997 -3.787421257874213
2.4974999999999996 -3.854014598540146
2.5 -3.8244175582441757
2.5025 -3.616238376162384
2.505 -3.6972302769723027
2.5075 -3.669233076692331
